,tourn_id,team_id,qv1,qv2,qv3,qv4,qv5,qv6,qv7,qv8,qv9,qv10,qv11,qv12,qv13,qv14,qv15,qv16,qv17,qv18,qv19,qv20,qv21,qv22,qv23,qv24,qv25,qv26,qv27,qv28,qv29,qv30,qv31,qv32,qv33,qv34,qv35,qv36
0,4494,336,0,1,1,0,1,0,1,1,0,0,0,0,1,0,0,1,0,0,0,0,1,1,0,1,1,0,0,0,0,1,1,1,0,0,1,1
0,4494,728,0,0,0,0,1,0,1,1,0,1,0,0,0,1,0,1,0,0,1,1,1,1,1,1,0,0,0,1,0,1,1,0,0,1,0,1
0,4494,856,0,1,0,0,0,1,1,0,1,1,0,0,1,0,0,0,1,0,1,0,0,1,0,0,0,0,0,1,0,1,0,0,0,1,1,1
0,4494,2040,0,1,0,1,1,1,1,1,0,1,0,0,0,0,0,0,1,0,1,0,1,0,1,1,0,1,0,1,0,0,1,1,1,0,1,1
0,4494,2047,0,0,0,0,0,0,0,0,0,0,0,0,0,1,0,0,0,0,1,0,1,1,1,0,0,0,0,1,0,0,1,0,0,0,1,1
0,4494,2076,0,1,0,0,0,0,1,1,0,0,0,0,0,1,0,0,1,0,0,1,1,1,1,0,0,0,1,1,0,1,1,1,0,0,1,1
0,4494,3154,0,0,0,0,1,0,1,1,0,1,0,0,1,0,0,0,0,0,1,1,1,1,1,0,0,0,0,1,0,0,1,1,0,1,1,1
0,4494,4003,1,0,0,0,1,0,1,0,0,1,0,0,1,0,0,0,0,0,1,1,1,1,1,0,1,0,0,1,0,1,1,1,0,0,0,1
0,4494,4011,0,1,0,0,1,1,1,1,1,1,0,0,0,1,0,1,0,0,1,1,1,1,1,0,0,1,0,1,0,0,1,1,0,0,0,1
0,4494,4130,0,1,0,0,1,1,1,1,0,1,0,0,1,1,0,1,0,0,1,0,1,1,1,1,1,0,0,1,1,1,0,1,0,1,1,1
0,4494,4223,0,0,0,0,1,0,1,1,0,1,0,0,0,0,0,0,1,0,1,0,0,0,1,1,0,0,0,1,0,0,1,0,0,0,0,0
0,4494,4313,0,0,0,0,1,0,1,1,0,1,0,0,1,1,0,1,0,1,1,1,1,0,1,0,0,0,0,0,0,0,1,1,0,1,0,0
0,4494,4885,0,1,0,0,1,0,1,1,0,1,0,0,0,1,0,1,1,0,1,0,1,1,1,0,0,1,1,1,0,0,1,1,0,1,1,1
0,4494,4952,0,0,0,0,1,1,1,1,0,1,0,0,0,1,0,1,1,0,1,1,1,0,1,0,1,0,1,0,0,1,1,1,1,1,1,1
0,4494,4989,0,1,0,0,1,0,1,1,0,1,0,1,1,1,0,1,1,1,1,1,1,1,1,1,0,1,0,1,0,1,1,1,0,1,1,1
0,4494,5205,0,0,1,0,0,0,0,1,0,1,1,0,0,0,0,0,1,0,1,1,1,0,0,1,0,1,0,0,0,1,0,0,0,0,0,1
0,4494,5366,0,1,0,0,1,1,1,1,0,1,0,0,1,1,0,1,1,0,1,1,1,1,1,0,1,1,0,1,0,1,1,1,1,1,1,1
0,4494,5517,0,0,1,0,1,0,1,1,0,1,0,0,1,0,0,0,1,0,1,0,1,0,0,0,0,0,1,1,0,0,0,1,0,0,1,1
0,4494,5537,0,0,0,0,0,0,1,1,0,0,0,0,0,0,0,0,0,0,1,0,1,0,0,1,0,0,1,1,0,0,1,1,0,0,0,0
0,4494,5613,0,0,0,0,1,0,1,0,0,1,0,0,0,1,0,0,0,0,0,0,1,0,1,0,0,0,0,1,0,0,1,1,0,0,0,1
0,4494,5681,0,0,0,0,1,0,1,1,0,1,0,0,0,0,0,0,0,1,1,0,0,1,0,0,0,0,0,1,0,0,1,1,0,1,1,1
0,4494,6387,0,0,0,1,1,0,1,1,0,1,0,0,0,0,0,0,1,0,1,1,1,0,1,0,0,0,0,1,0,0,0,1,1,0,0,1
0,4494,6432,0,1,1,1,1,1,1,1,0,1,0,0,0,0,0,1,1,0,1,0,1,1,0,0,1,1,1,1,0,0,1,1,1,1,1,1
0,4494,6513,0,0,0,0,0,0,1,1,1,1,0,0,0,0,0,0,1,0,0,1,1,1,1,1,0,0,0,1,0,0,1,0,1,0,1,1
0,4494,6784,0,1,0,1,1,0,1,1,0,1,0,0,1,1,0,1,0,0,1,1,0,1,1,1,1,0,0,1,0,0,1,0,0,0,1,1
0,4494,6790,0,1,0,0,1,1,1,1,0,1,0,0,1,1,0,1,1,1,1,0,1,1,1,0,0,0,0,1,0,0,1,1,1,0,1,1
0,4494,7579,1,1,1,0,1,1,1,1,0,1,0,0,0,0,0,0,0,1,1,1,1,0,1,0,0,0,1,1,0,1,1,1,0,0,1,1
0,4494,8015,0,1,1,0,1,0,1,1,0,0,0,0,0,0,0,0,1,0,1,0,1,1,1,0,0,1,0,1,0,1,1,1,1,0,0,1
0,4494,8288,0,0,0,0,1,0,1,1,1,1,0,0,1,1,0,0,0,1,0,1,0,1,1,1,0,0,1,1,0,1,1,1,0,1,1,1
0,4494,8355,0,0,0,0,0,0,1,1,0,1,0,0,1,0,0,0,0,0,1,0,1,1,1,0,0,0,1,1,0,1,1,1,0,0,1,1
0,4494,8424,0,0,0,0,1,0,1,1,0,1,0,0,0,1,0,0,1,0,1,0,1,0,0,0,1,0,0,1,0,0,1,1,1,1,1,1
0,4494,8446,0,1,0,0,1,0,1,1,0,1,0,0,0,0,0,0,1,0,1,0,1,1,0,0,0,0,0,1,0,1,1,1,0,0,1,0
0,4494,8725,0,0,1,0,1,0,1,1,1,1,0,0,0,0,0,0,1,0,1,0,0,1,0,0,0,0,0,0,0,0,1,0,0,0,0,0
0,4494,8809,0,1,0,1,1,1,1,1,1,0,0,0,1,1,0,1,0,0,1,1,1,1,1,1,0,1,1,1,0,1,1,1,0,0,1,1
0,4494,26712,0,1,1,0,1,0,1,1,0,1,0,0,0,0,0,0,1,0,1,1,1,0,0,0,0,0,1,1,0,1,1,1,0,1,1,1
0,4494,27193,0,0,0,0,1,0,0,0,0,1,0,0,0,0,0,1,1,0,1,1,1,0,1,1,0,0,0,0,0,0,1,0,0,0,1,0
0,4494,27194,0,0,0,0,1,0,1,0,0,1,0,0,0,0,0,0,0,0,0,0,1,0,1,0,0,0,0,1,0,0,0,0,0,1,0,1
0,4494,27229,0,0,0,0,1,1,1,1,0,0,0,0,0,0,0,0,0,1,1,1,1,1,0,0,0,0,0,0,0,1,1,0,1,0,1,1
0,4494,27766,0,1,0,0,1,0,1,1,0,0,0,0,0,1,0,0,1,0,1,0,1,0,1,0,1,0,0,1,0,1,1,0,0,0,1,1
0,4494,37760,0,0,1,0,1,0,1,1,0,1,0,0,0,0,0,0,1,0,0,1,0,0,1,0,0,0,0,1,1,1,1,1,0,1,1,1
0,4494,38362,0,1,0,0,1,0,1,1,0,1,0,0,1,0,0,1,0,0,1,1,0,0,1,0,0,0,0,1,0,0,1,1,1,1,1,1
0,4494,38429,0,0,0,0,1,1,1,1,0,1,0,0,0,1,0,1,1,1,1,0,1,1,1,1,0,1,0,1,0,1,1,1,0,1,1,1
0,4494,38682,0,1,0,0,1,0,1,1,0,0,0,0,0,0,0,0,1,0,1,0,1,0,1,0,0,0,0,1,0,1,1,0,0,0,0,1
0,4494,38693,0,1,1,0,1,0,1,1,0,1,0,0,0,0,0,1,1,0,0,1,1,1,0,0,1,0,0,1,1,1,0,0,0,0,1,1
0,4494,38723,0,1,1,0,1,0,1,1,0,1,0,0,0,0,0,0,1,0,1,1,1,1,1,0,0,0,0,1,0,1,1,0,0,0,1,1
0,4494,38791,0,1,1,0,0,0,1,1,0,1,0,0,0,0,0,0,0,0,1,1,1,1,1,0,1,0,0,1,0,0,1,1,0,1,0,1
0,4494,39018,0,1,0,0,1,1,1,1,0,0,0,0,0,1,0,0,1,0,1,0,1,1,1,1,0,0,1,1,0,0,0,0,0,1,1,1
0,4494,39152,0,1,0,0,1,0,1,1,0,1,0,0,0,0,0,1,1,0,1,1,1,1,1,0,0,0,0,1,0,0,1,1,0,1,1,0
0,4494,40057,0,0,0,0,0,0,0,0,0,0,0,0,0,0,0,0,0,0,1,0,0,0,0,0,0,0,0,0,0,0,1,0,0,1,0,0
0,4494,40150,0,0,1,0,1,0,1,1,0,1,0,0,0,1,0,0,1,0,1,0,0,0,1,0,0,0,0,1,0,1,1,0,0,0,1,1
0,4494,40330,0,0,1,0,0,0,0,1,1,0,0,0,0,0,0,0,0,0,0,1,0,0,0,0,0,0,0,0,0,0,1,0,0,0,0,0
0,4494,41444,0,1,1,0,1,0,1,1,0,1,0,0,0,1,0,1,1,0,1,1,1,1,1,0,1,1,1,1,1,0,1,1,0,1,1,1
0,4494,41578,0,1,1,0,1,0,1,1,1,1,0,0,0,1,0,0,0,0,1,1,1,1,1,0,1,0,0,0,0,1,1,1,1,0,1,1
0,4494,41816,0,1,0,0,1,0,1,1,0,1,0,0,0,0,0,0,0,0,1,0,1,0,1,1,0,0,0,1,0,0,1,1,1,0,0,0
0,4494,42225,0,1,1,0,0,0,0,1,0,1,0,0,0,0,0,0,1,0,1,0,1,1,1,0,0,0,0,1,0,0,0,0,0,0,0,0
0,4494,42534,0,1,0,0,1,0,1,1,0,1,0,0,0,1,0,1,1,0,1,1,1,0,1,0,0,0,0,1,0,0,1,0,1,1,1,1
0,4494,42773,0,0,0,0,1,0,1,1,0,1,0,0,0,0,0,0,0,0,1,0,1,0,1,0,0,0,1,0,0,0,1,1,0,0,1,0
0,4494,42810,0,1,0,0,0,0,1,1,0,0,0,0,0,1,0,0,0,0,0,1,1,1,1,0,1,0,0,1,0,0,0,0,0,0,0,0
0,4494,43261,0,0,1,0,1,0,1,1,1,0,0,0,0,0,0,1,0,0,1,1,1,0,1,0,0,0,0,1,0,0,1,1,0,1,1,1
0,4494,43417,0,1,0,0,1,0,1,1,1,0,0,0,0,1,0,0,0,0,1,1,1,1,1,0,1,0,0,1,0,1,1,1,1,1,1,1
0,4494,43515,0,1,1,0,1,0,1,1,0,1,0,0,0,1,0,0,1,0,1,0,0,0,0,0,0,0,0,1,0,1,1,0,0,0,1,0
0,4494,43535,0,0,0,0,1,0,0,1,0,0,0,0,0,0,0,0,0,0,1,0,0,0,1,0,0,0,0,1,0,1,1,1,0,0,1,0
0,4494,44602,0,0,0,1,0,1,1,0,0,0,0,0,0,0,0,0,0,0,1,1,1,0,1,0,0,0,0,0,0,0,1,0,0,1,1,1
0,4494,45438,0,1,0,0,1,1,1,1,0,0,0,0,0,1,0,0,0,0,0,1,1,1,1,0,0,0,0,1,0,1,1,0,0,1,1,1
0,4494,45455,0,1,0,0,1,0,1,1,0,1,0,0,0,1,0,0,1,0,1,0,0,1,1,0,1,0,0,1,0,0,0,1,0,0,1,0
0,4494,45470,0,1,1,0,1,1,1,1,1,1,0,0,0,1,0,0,1,0,1,1,1,1,1,0,1,0,0,1,0,1,1,1,1,1,0,0
0,4494,45473,0,0,0,0,0,0,0,1,1,1,0,0,0,1,0,0,0,0,0,0,1,1,1,0,0,0,1,1,0,0,1,1,0,0,1,0
0,4494,45495,1,0,0,0,1,0,1,1,0,1,0,0,0,0,0,0,0,0,1,0,1,0,1,0,0,0,0,1,0,0,1,0,0,0,1,1
0,4494,45558,1,1,0,0,0,0,0,0,0,1,0,0,1,0,0,1,0,0,1,0,0,1,1,0,0,0,0,1,0,1,1,0,0,0,0,0
0,4494,45570,0,0,0,0,1,0,1,1,1,1,0,0,1,0,0,0,0,0,1,1,1,1,1,0,0,1,1,1,0,1,1,1,1,1,1,1
0,4494,45611,0,1,0,0,0,0,1,1,0,1,0,0,0,1,0,0,0,0,0,1,0,0,1,0,1,0,1,1,0,0,1,0,0,1,1,1
0,4494,45690,0,0,0,0,0,0,1,1,0,1,0,0,1,0,0,0,1,0,1,0,0,0,0,0,0,0,1,1,0,0,1,1,1,1,1,1
0,4494,45774,0,0,0,0,0,0,0,0,0,1,0,0,0,0,0,0,0,0,1,0,0,1,0,0,0,0,0,0,0,0,1,0,0,0,0,0
0,4494,45778,0,0,0,0,1,0,1,1,0,0,0,0,0,1,0,0,0,1,1,0,1,1,1,1,0,0,0,1,0,0,1,1,0,0,0,0
0,4494,45779,1,1,0,1,1,0,1,1,0,1,0,0,0,0,0,0,0,0,1,0,1,0,0,0,0,0,0,1,0,1,1,1,0,0,1,1
0,4494,45803,0,1,0,0,0,0,1,0,0,1,0,0,0,0,0,0,0,0,1,1,1,0,0,1,0,0,0,0,0,0,0,0,0,0,0,0
0,4494,45807,0,0,1,0,1,0,1,1,0,1,0,0,0,1,0,1,0,0,1,1,1,0,1,0,0,0,0,1,0,1,0,0,0,1,1,0
0,4494,46014,0,0,1,0,0,0,1,1,0,1,0,0,0,1,0,1,0,0,1,1,0,0,1,1,0,0,1,1,0,1,1,1,0,1,1,1
0,4494,46052,0,1,0,0,0,0,0,1,0,1,0,0,0,0,0,0,0,0,1,0,1,1,0,0,1,0,0,1,0,0,0,0,1,1,0,0
0,4494,46099,0,1,0,0,0,0,1,1,1,0,1,0,1,0,0,1,1,0,1,0,1,1,1,0,0,0,0,1,0,1,1,1,0,1,1,1
0,4494,46188,0,1,0,0,1,0,0,1,1,0,0,0,0,1,0,0,1,0,1,1,1,1,1,0,0,0,0,1,0,1,1,1,0,0,0,1
0,4494,46274,0,1,0,0,1,0,1,1,0,1,0,0,0,1,0,0,0,0,1,1,1,0,0,0,0,0,0,1,0,0,1,1,0,1,0,0
0,4494,46292,1,0,0,0,1,0,0,0,0,1,0,0,0,0,0,0,0,0,0,1,1,0,0,0,0,0,0,0,0,0,1,0,0,0,0,0
0,4494,46319,0,0,1,0,1,0,1,1,1,0,0,0,0,0,0,0,1,0,0,0,1,1,1,0,0,0,0,1,0,0,1,1,0,0,1,1
0,4494,46503,0,0,0,0,1,0,1,1,0,1,0,0,0,0,0,0,1,1,1,0,1,0,1,0,1,0,0,1,0,1,1,1,1,0,1,1
0,4494,46512,0,0,0,0,1,1,1,1,0,1,0,0,1,1,0,0,1,1,1,0,0,1,1,0,0,1,1,1,0,1,0,1,0,0,1,1
0,4494,46578,0,1,0,0,1,0,1,1,0,0,0,0,0,1,0,0,1,0,1,0,1,0,1,0,0,0,1,1,0,0,0,0,0,0,0,1
0,4494,46770,0,1,0,0,1,0,1,1,0,1,0,0,0,0,0,0,0,0,1,1,1,0,1,0,1,1,0,1,0,0,1,1,0,0,0,0
0,4494,46951,0,0,1,0,0,0,0,1,0,1,0,0,0,0,0,1,0,1,0,0,0,1,1,0,0,0,0,0,0,1,0,0,1,0,0,1
0,4494,47190,0,0,0,0,0,0,0,1,1,1,0,0,0,0,0,0,0,0,1,0,0,0,1,0,0,0,0,0,0,0,0,0,1,0,1,0
0,4494,47243,0,0,0,0,1,0,1,1,0,1,0,0,1,1,0,1,1,1,1,0,1,1,1,1,0,0,0,1,0,1,1,1,1,0,0,0
0,4494,47248,0,1,0,0,1,0,1,1,0,1,0,0,0,1,0,1,1,1,1,1,1,1,1,0,0,0,0,1,0,0,1,0,0,0,1,1
0,4494,47273,0,1,0,0,1,0,1,1,1,1,0,0,0,0,0,0,1,0,1,1,1,0,1,0,1,1,0,1,0,1,1,1,0,1,1,1
0,4494,47399,0,0,0,0,1,0,0,1,0,0,0,0,0,0,0,0,0,0,1,0,0,0,1,1,0,0,0,0,0,0,1,0,0,0,1,0
0,4494,48041,0,0,0,0,1,0,1,1,0,1,0,0,0,1,0,0,1,0,0,0,1,1,1,0,0,0,1,1,0,1,1,1,0,0,1,0
0,4494,48092,0,1,0,0,1,1,1,1,0,1,0,0,1,1,0,0,0,0,1,0,1,1,1,1,1,0,1,1,1,0,1,1,0,1,1,1
0,4494,48117,0,1,1,0,0,0,0,0,0,1,0,0,0,0,0,0,0,0,0,0,1,0,0,1,0,0,0,1,0,0,1,0,0,1,0,0
0,4494,48303,0,1,0,0,1,1,1,1,0,1,0,1,0,1,0,1,1,0,1,0,1,0,1,0,0,0,0,1,0,0,1,1,1,0,1,1
0,4494,48364,0,0,0,0,1,0,0,0,0,0,0,0,0,0,0,0,0,0,0,0,0,0,0,0,0,0,1,1,0,0,0,1,0,0,0,1
0,4494,48420,0,0,1,0,1,0,1,1,0,0,0,0,0,0,0,0,0,0,0,1,1,0,1,0,0,0,0,0,0,0,1,0,0,0,1,0
0,4494,48428,0,1,0,0,1,0,1,1,0,1,0,0,0,0,0,0,0,1,1,1,1,0,0,0,0,0,0,1,1,1,1,1,1,1,0,1
0,4494,48455,0,0,0,0,1,0,1,1,1,0,0,0,0,1,0,0,0,0,0,0,1,0,1,0,0,0,1,1,0,0,1,0,0,0,0,0
0,4494,48518,0,0,0,0,1,0,1,1,1,1,0,0,0,1,0,0,1,0,1,1,1,1,0,1,0,1,1,1,0,0,1,0,0,0,0,1
0,4494,48529,0,1,0,0,0,0,0,1,0,0,0,0,0,1,0,0,0,0,0,1,1,0,1,0,0,0,0,1,0,0,0,0,0,1,0,0
0,4494,48546,0,1,1,0,0,0,1,1,0,1,0,0,0,0,0,0,0,0,0,0,1,1,0,0,0,0,0,0,0,1,1,0,0,0,0,1
0,4494,48617,0,1,0,0,1,0,1,1,1,1,0,1,0,0,0,0,1,0,1,0,1,1,0,1,0,0,0,1,0,0,0,1,0,0,1,1
0,4494,48622,0,0,0,0,0,0,1,1,0,0,0,0,0,0,0,0,0,0,0,1,1,0,1,0,0,0,0,1,0,0,1,0,0,0,0,0
0,4494,48625,0,0,0,0,0,0,1,1,0,0,0,0,0,0,0,0,0,0,0,1,1,0,0,0,0,0,0,0,0,0,1,0,0,0,0,0
0,4494,48636,0,0,0,0,0,0,1,1,0,0,0,0,0,0,0,0,0,0,1,1,0,0,1,0,0,0,0,0,0,0,1,1,0,0,0,0
0,4494,48639,0,1,0,0,1,0,1,0,0,0,0,0,0,1,0,0,0,0,1,0,0,0,0,0,0,0,0,1,0,0,1,0,0,0,0,1
0,4494,48762,0,1,0,0,1,0,1,1,0,1,0,0,0,0,0,0,0,0,1,1,1,1,0,0,0,0,1,1,0,0,1,1,0,0,1,1
0,4494,48769,0,1,0,0,1,0,1,1,0,1,0,0,0,0,0,0,0,0,0,1,1,0,1,0,1,0,0,0,0,0,1,0,0,0,1,0
0,4494,48871,0,1,0,0,1,0,1,1,0,1,0,1,0,1,0,1,0,0,1,1,1,0,1,0,0,0,0,1,0,0,1,1,1,0,1,0
0,4494,48942,0,1,1,0,1,1,1,1,1,1,0,0,0,1,0,1,1,1,1,1,0,1,1,0,1,0,0,1,0,1,1,1,0,1,1,1
0,4494,48985,0,1,1,0,1,0,1,1,0,1,0,1,1,0,0,1,1,0,1,1,1,0,0,0,0,0,0,1,0,0,1,1,0,0,1,1
0,4494,48997,0,1,1,0,0,0,1,1,0,0,0,0,0,1,0,1,0,0,1,0,1,0,1,0,0,0,1,1,0,0,1,1,0,1,0,0
0,4494,49020,0,0,0,0,1,0,1,1,0,0,0,0,0,0,0,0,0,0,0,0,0,0,0,0,0,0,0,1,0,0,0,0,0,0,0,0
0,4494,49146,0,1,0,1,0,0,1,1,1,1,0,0,1,0,0,0,1,0,1,1,0,1,1,0,0,0,1,1,0,1,1,1,0,0,1,0
0,4494,49222,0,0,0,0,0,0,0,0,0,0,0,0,0,0,0,0,0,0,1,0,0,0,0,0,0,0,0,1,0,0,0,0,0,0,0,0
0,4494,49284,0,0,1,0,1,0,1,1,1,1,0,0,0,0,0,0,1,0,0,1,0,0,0,0,0,0,0,0,0,1,1,1,0,1,1,1
0,4494,49442,0,0,0,0,1,0,1,1,0,1,0,0,0,0,0,0,0,0,1,0,1,0,0,0,0,0,0,1,0,0,0,1,0,0,0,0
0,4494,49972,0,1,0,0,1,0,1,1,0,1,0,0,0,0,0,0,0,0,1,1,1,1,1,0,1,0,0,1,0,1,0,0,0,1,1,0
0,4494,50056,0,0,1,0,0,0,1,1,0,0,0,0,0,0,0,0,1,0,1,1,0,0,1,0,0,0,0,0,0,0,1,0,0,0,0,0
0,4494,50162,0,0,0,0,0,0,1,0,0,1,0,0,0,1,0,0,0,0,1,1,1,0,0,0,0,0,0,0,0,0,1,0,0,0,0,1
0,4494,50163,0,0,0,0,0,1,1,1,0,1,0,0,0,1,0,0,0,1,1,1,1,0,1,0,0,0,0,1,0,1,1,0,1,1,1,1
0,4494,50251,0,1,0,0,1,0,1,1,0,1,0,0,0,0,0,0,1,0,0,0,1,0,0,0,0,0,0,1,0,0,0,1,0,0,0,1
0,4494,50319,0,1,0,0,1,1,1,1,0,1,0,0,1,0,0,0,1,0,1,1,1,1,1,0,0,1,1,1,0,1,1,0,0,0,1,1
0,4494,50435,1,0,0,1,1,0,1,1,0,1,1,0,0,1,0,0,1,1,1,0,1,0,0,0,0,1,0,1,0,0,1,1,0,0,0,1
0,4494,50436,0,1,0,0,1,0,1,1,1,1,0,0,0,1,0,0,0,0,1,1,1,1,1,0,0,1,1,1,0,1,1,1,0,0,1,1
0,4494,50516,0,1,0,0,1,0,1,1,1,1,0,0,0,0,0,1,1,0,1,1,1,1,1,0,0,1,0,1,0,0,0,1,0,1,1,0
0,4494,50717,0,0,0,0,0,0,1,1,1,0,0,0,0,0,0,0,0,0,0,1,1,0,0,0,1,0,0,1,0,0,1,0,0,0,1,0
0,4494,50720,1,1,0,0,0,0,1,1,0,1,0,0,0,1,0,0,0,0,0,1,1,1,0,1,0,0,0,1,0,0,0,0,1,0,0,0
0,4494,50759,0,0,1,0,0,0,0,1,0,0,0,0,0,0,0,0,1,0,1,1,0,0,0,0,0,0,0,1,0,0,0,0,0,0,0,0
0,4494,51059,0,1,0,0,1,0,1,0,0,0,0,0,0,0,0,0,0,0,1,0,1,0,1,0,0,0,0,0,0,0,1,1,0,1,0,0
0,4494,51228,0,0,0,0,1,0,1,1,1,1,0,0,1,1,0,1,0,0,0,1,0,1,1,0,0,0,0,1,0,1,1,1,0,1,0,1
0,4494,51253,0,1,1,0,1,0,1,1,0,1,0,0,1,1,0,0,1,1,1,0,1,1,1,0,1,1,1,1,0,0,1,1,0,1,1,1
0,4494,51290,0,0,1,0,1,0,1,1,1,0,0,0,0,0,0,0,1,0,1,1,1,1,1,0,0,1,1,1,1,1,1,0,1,0,1,1
0,4494,51400,0,0,0,0,1,1,0,1,0,1,0,0,0,1,0,0,1,0,0,0,1,0,1,1,0,0,0,1,0,0,0,0,0,1,1,0
0,4494,51508,0,1,0,0,1,0,1,1,1,1,0,0,0,0,0,1,0,0,1,0,1,1,1,1,0,0,1,1,0,1,1,1,1,0,1,1
0,4494,51554,0,1,0,0,0,0,1,1,1,0,1,0,0,1,0,0,1,0,1,0,1,1,0,0,0,0,0,1,0,0,1,0,0,1,1,1
0,4494,51597,0,0,0,0,0,0,1,1,0,1,0,0,0,0,0,0,0,0,1,1,1,0,0,0,0,0,0,1,0,0,0,1,0,0,0,0
0,4494,51620,0,1,1,0,1,0,1,1,1,1,0,0,0,1,0,0,0,0,0,1,1,1,1,0,1,0,0,1,0,0,1,1,0,0,1,1
0,4494,51630,0,1,1,0,1,0,1,1,0,1,0,0,0,0,0,0,1,0,1,0,0,0,1,0,0,0,0,1,0,0,1,1,1,0,1,1
0,4494,51632,0,1,0,0,1,0,1,1,0,0,0,0,0,1,0,1,1,0,1,1,1,0,1,0,1,0,0,1,1,0,1,1,0,1,0,0
0,4494,51654,0,1,0,0,1,0,1,1,0,1,0,0,0,1,0,1,0,0,1,1,1,0,0,0,0,0,0,1,0,1,1,0,0,1,0,1
0,4494,51696,0,1,0,0,1,0,1,1,0,0,1,1,0,1,0,1,0,1,1,0,1,0,1,1,0,1,0,1,0,1,0,1,0,1,1,1
0,4494,51722,0,0,0,0,1,0,1,1,0,0,0,0,0,0,0,1,0,0,1,1,0,0,0,0,0,0,0,1,0,0,0,0,0,1,1,0
0,4494,51759,0,0,0,0,1,0,1,1,0,0,0,0,0,0,0,0,0,0,1,1,1,0,1,0,0,0,1,1,0,0,0,1,0,0,1,1
0,4494,51774,0,1,0,0,1,1,1,1,0,0,0,0,0,0,0,1,0,0,1,1,1,1,0,1,0,0,0,0,0,0,1,0,0,0,0,0
0,4494,51777,0,0,0,0,1,0,1,0,0,0,0,0,0,0,0,0,1,0,1,0,0,0,0,0,0,0,0,0,0,0,1,1,0,0,0,0
0,4494,51854,0,0,0,0,1,0,1,1,0,0,0,1,0,0,0,0,0,0,1,0,1,0,0,0,0,0,0,1,0,0,0,1,0,1,0,0
0,4494,51882,0,0,0,0,0,0,0,0,0,0,0,0,0,0,0,0,0,0,1,1,0,0,0,0,0,0,0,1,0,0,1,0,0,0,0,0
0,4494,52023,0,0,0,0,0,0,1,1,1,1,0,0,0,1,0,1,1,0,1,0,1,1,1,0,0,0,1,1,0,1,1,0,0,0,1,1
0,4494,52041,0,1,0,0,1,0,1,1,1,0,0,1,0,0,0,0,0,0,1,1,1,0,1,0,0,0,0,1,0,0,1,1,1,0,0,1
0,4494,52134,0,1,0,0,1,0,1,1,0,0,0,0,0,0,0,0,0,0,1,0,1,0,0,0,1,0,0,1,0,1,1,0,1,0,0,0
0,4494,52137,0,0,0,0,1,0,1,0,1,1,0,0,0,0,0,0,0,0,1,1,0,1,0,0,0,0,0,1,0,1,0,0,1,0,1,1
0,4494,52143,0,1,0,0,1,1,1,1,0,0,0,0,1,1,0,0,1,0,1,1,1,1,0,0,0,0,0,1,0,0,1,1,1,1,0,0
0,4494,52250,0,1,0,0,1,0,1,1,0,0,0,0,0,0,0,1,0,0,1,0,0,1,1,0,0,0,0,1,0,0,0,0,0,0,1,0
0,4494,52258,0,0,0,0,1,0,1,0,0,0,0,0,0,0,0,0,0,0,1,1,0,0,0,0,0,0,0,1,0,0,1,0,0,0,0,0
0,4494,52260,0,0,0,0,1,0,1,0,0,0,0,1,0,0,0,0,0,0,0,1,1,0,0,0,0,0,0,1,0,0,1,0,0,1,0,0
0,4494,52273,0,0,0,0,0,0,0,1,0,0,0,0,0,0,0,0,0,0,1,1,0,0,0,0,0,0,0,1,0,0,1,0,0,0,0,0
0,4494,52275,0,1,0,0,1,0,1,1,1,0,0,0,0,0,0,1,0,0,1,0,1,0,1,0,1,0,0,1,0,1,1,1,1,0,1,0
0,4494,52313,0,0,0,0,0,0,1,0,0,0,0,0,0,0,0,0,0,0,1,0,1,0,0,0,0,0,0,0,0,0,1,1,0,0,0,0
0,4494,52316,0,0,0,0,1,0,0,0,0,0,0,0,0,0,0,0,0,0,0,0,0,1,0,0,0,0,0,0,0,0,0,0,0,0,0,0
0,4494,52396,0,1,0,0,1,0,1,1,0,1,0,0,0,1,0,0,1,0,1,0,1,1,1,0,0,0,0,1,0,1,1,1,0,1,0,0
0,4494,52537,0,0,0,0,1,0,1,0,0,1,0,0,0,0,0,0,1,0,1,0,1,0,0,0,1,0,1,1,0,0,0,0,0,0,1,0
0,4494,52918,0,1,0,0,0,0,0,1,0,0,0,0,0,0,0,0,0,0,0,1,1,0,0,0,0,0,0,1,0,0,1,1,0,0,0,1
0,4494,52940,0,0,0,0,0,0,1,1,0,0,0,0,0,0,0,0,0,0,1,1,0,0,0,0,0,0,0,0,0,0,1,0,0,1,1,0
0,4494,52952,0,1,0,0,1,0,1,1,0,1,0,0,1,1,0,0,1,1,0,0,1,1,0,1,0,0,1,1,0,1,1,1,1,0,0,1
0,4494,52961,0,1,0,0,1,0,1,1,1,0,0,0,0,0,0,1,1,1,1,0,1,0,1,0,0,0,0,1,0,0,1,1,0,0,1,1
0,4494,52962,0,1,1,1,1,0,0,1,0,0,0,0,1,0,0,1,0,0,0,0,1,1,1,0,0,0,0,1,0,0,1,0,1,1,1,1
0,4494,52999,0,0,1,0,1,1,1,1,0,0,0,0,1,0,0,0,0,1,1,1,1,0,0,0,1,1,0,1,0,1,1,1,0,0,1,1
0,4494,53029,0,0,0,0,0,0,1,1,1,1,0,0,0,1,0,1,0,0,1,1,0,0,0,0,1,0,0,0,0,0,1,0,0,0,0,0
0,4494,53088,0,1,0,0,1,0,1,1,1,1,0,0,1,0,0,1,1,1,1,1,1,1,1,0,0,0,0,1,0,0,1,1,1,0,1,1
0,4494,53134,0,0,0,0,0,0,1,1,0,0,0,0,0,0,0,0,0,0,0,1,0,0,0,0,0,0,0,0,0,0,0,0,0,0,0,0
0,4494,53139,0,0,0,0,0,0,1,0,0,0,0,0,0,0,0,0,0,0,0,0,0,0,1,0,0,0,0,1,0,0,0,0,0,0,0,0
0,4494,53158,0,0,0,0,0,0,0,0,0,1,0,0,0,0,0,0,0,0,0,1,0,0,1,0,0,0,0,1,0,0,0,0,0,0,0,0
0,4494,53585,0,0,0,0,1,0,0,1,0,1,0,0,0,0,0,0,0,0,1,0,0,1,0,0,0,0,0,0,0,1,0,0,0,0,0,0
0,4494,53664,0,1,0,0,1,0,1,1,0,0,0,0,0,1,0,0,0,0,1,0,0,1,1,0,0,0,0,1,0,0,1,0,0,0,0,0
0,4494,53700,0,0,0,0,1,0,1,1,0,0,0,0,0,0,0,0,1,0,1,1,0,0,0,0,0,0,0,0,0,1,1,0,0,0,0,0
0,4494,54064,0,0,0,0,0,0,1,1,0,1,0,1,0,0,0,0,0,0,1,1,1,1,0,1,0,0,0,1,0,0,1,0,0,1,0,1
0,4494,54068,1,0,0,0,1,0,1,0,0,1,0,0,0,0,0,0,0,0,0,1,0,0,0,0,0,0,0,0,0,0,0,1,0,0,0,0
0,4494,54071,0,0,0,0,0,0,1,1,0,1,0,0,0,0,0,0,0,0,0,0,0,1,1,1,0,0,0,1,0,0,1,0,0,0,1,0
0,4494,54380,0,1,0,0,0,0,1,1,0,1,0,0,0,1,0,0,0,0,1,0,0,0,0,0,0,0,1,1,0,1,1,0,0,0,0,0
0,4494,54382,0,0,0,0,1,0,1,0,0,1,0,0,0,1,0,0,0,0,0,1,1,0,1,1,0,0,0,0,0,0,1,0,0,0,0,0
0,4494,54419,0,1,0,0,0,1,1,0,0,1,0,0,0,0,0,0,0,0,0,0,0,0,0,0,0,0,0,1,0,0,0,0,0,0,0,0
0,4494,54470,0,0,1,0,0,0,1,1,0,0,0,0,0,0,0,1,0,0,1,0,0,1,1,0,0,0,0,1,0,0,0,1,1,0,1,1
0,4494,54613,0,1,1,0,1,1,1,1,0,1,0,0,0,1,0,0,1,0,1,0,1,1,1,0,0,0,0,1,0,0,1,1,1,1,1,1
0,4494,54718,0,0,0,0,0,0,1,1,0,0,0,0,0,0,0,0,0,0,1,0,0,0,1,0,0,0,0,1,0,0,1,1,0,0,1,0
0,4494,54884,0,1,0,0,1,0,1,1,0,1,0,0,0,0,0,0,0,0,1,0,1,1,1,0,0,0,0,1,0,0,1,1,0,1,1,1
0,4494,54889,0,0,1,0,1,0,1,1,0,1,0,0,0,0,0,1,1,0,0,1,1,0,1,0,1,0,1,1,0,1,1,1,1,1,1,0
0,4494,55015,0,1,1,0,1,0,1,1,0,1,0,1,0,0,0,1,1,0,1,1,1,1,1,1,1,0,0,1,0,0,1,1,0,1,0,1
0,4494,55284,0,1,1,0,0,0,1,1,1,1,0,0,0,0,0,1,1,0,1,1,1,1,1,1,0,0,1,1,0,1,1,0,0,1,1,1
0,4494,55328,0,0,0,0,0,0,1,1,0,0,0,0,0,0,0,0,0,0,0,1,0,0,1,0,0,0,1,0,0,0,1,0,0,1,0,0
0,4494,55336,0,1,1,0,1,0,1,1,0,0,0,0,0,1,0,1,0,0,1,1,1,1,1,0,0,1,0,1,0,1,1,1,0,1,1,1
0,4494,55396,0,0,0,0,0,0,1,0,0,0,0,0,0,0,0,0,0,0,0,0,0,0,0,0,0,0,0,0,0,0,1,0,0,0,0,0
0,4494,55474,0,1,0,0,1,0,1,1,0,1,0,1,0,1,0,1,0,0,1,1,1,1,1,0,0,0,0,1,0,0,1,1,0,0,0,0
0,4494,55489,0,1,0,0,1,0,1,1,0,0,0,0,0,0,0,0,0,0,1,1,1,1,1,0,0,1,1,1,0,0,1,0,0,1,0,1
0,4494,55526,0,1,0,0,0,0,1,1,1,1,0,0,0,0,0,0,0,0,1,1,0,0,1,0,0,0,0,1,0,1,1,0,0,1,1,0
0,4494,55577,0,0,0,0,1,0,0,0,0,1,0,0,0,0,0,0,0,0,0,0,0,0,0,0,0,0,0,0,0,0,0,0,0,0,0,0
0,4494,55603,1,0,0,0,1,0,1,1,1,1,0,0,0,0,0,0,1,1,1,1,1,0,1,0,0,0,0,1,0,1,1,1,1,0,1,0
0,4494,55647,0,1,1,0,1,0,1,1,0,1,0,1,0,1,0,1,0,0,0,1,0,1,1,0,0,0,1,1,0,0,0,0,0,0,1,0
0,4494,55655,0,1,0,0,1,0,1,1,1,1,0,1,0,1,0,1,1,0,1,1,1,1,1,0,0,0,0,1,0,1,1,0,1,1,1,1
0,4494,55675,0,0,0,0,1,0,0,1,1,1,0,0,0,0,0,0,0,0,0,0,1,0,0,0,1,0,0,0,0,0,1,0,0,1,1,1
0,4494,55679,0,0,0,0,1,0,1,1,0,1,0,0,0,0,0,0,0,0,1,1,0,0,0,0,0,0,0,0,0,0,1,1,0,1,0,0
0,4494,55681,0,0,0,0,1,0,1,0,0,1,0,0,0,0,0,0,1,0,1,0,0,0,1,0,0,0,0,1,0,0,1,0,0,0,0,0
0,4494,55682,0,0,0,0,0,0,1,1,0,0,0,0,0,1,0,0,0,0,1,1,1,0,1,0,0,0,0,0,0,0,0,0,0,0,0,0
0,4494,55691,0,0,0,0,1,0,0,0,0,1,0,0,0,0,0,0,0,0,0,1,0,0,1,0,0,0,0,1,0,0,1,0,0,0,0,0
0,4494,55713,0,0,0,0,1,0,0,0,0,0,0,0,0,0,0,0,0,0,0,1,0,0,1,0,0,0,0,0,0,0,0,0,0,0,1,0
0,4494,55720,0,0,0,0,0,0,1,1,0,1,0,0,0,0,0,0,0,0,0,1,0,0,0,0,0,0,0,0,0,0,0,0,0,0,0,0
0,4494,55725,0,0,0,0,1,0,1,1,1,1,0,1,0,0,0,0,0,0,0,1,0,0,1,0,0,0,0,1,0,0,1,1,0,0,0,0
0,4494,55726,0,1,0,0,1,0,1,1,1,0,0,0,0,0,0,0,0,0,1,0,0,0,1,0,0,0,1,1,0,0,1,1,0,0,0,0
0,4494,55735,0,0,0,0,1,0,1,1,0,0,0,0,0,0,0,1,1,1,1,1,1,1,1,1,0,0,0,1,1,1,1,1,0,0,1,1
0,4494,55815,0,0,0,0,1,0,1,1,1,1,0,0,0,1,0,1,0,0,0,1,0,0,1,0,0,0,1,1,0,1,1,0,0,1,1,0
0,4494,55921,0,1,1,0,0,1,1,0,0,1,0,0,0,0,0,0,0,0,0,0,0,0,0,0,0,0,0,1,0,1,1,1,0,1,1,1
0,4494,55924,0,0,0,0,1,0,1,0,0,0,0,0,0,0,0,0,1,0,1,1,0,0,0,0,0,1,0,1,0,0,1,0,1,0,0,0
0,4494,56013,0,1,1,0,1,0,1,1,1,1,0,0,0,0,0,0,1,0,1,1,1,1,1,0,0,0,0,0,0,1,1,0,0,0,1,1
0,4494,56029,0,0,0,0,0,0,0,0,0,1,0,0,0,0,0,0,0,0,0,0,0,0,1,0,0,0,0,0,0,0,0,0,0,0,0,0
0,4494,56031,1,1,0,0,1,0,1,0,0,0,0,0,0,0,0,0,0,0,1,1,1,0,0,0,0,0,0,1,0,0,1,0,0,0,0,0
0,4494,56033,0,0,0,0,0,0,0,1,0,1,0,0,0,0,0,0,0,0,1,1,0,0,1,0,0,0,0,0,0,0,0,0,0,0,0,0
0,4494,56037,0,0,0,0,0,0,1,1,0,0,0,0,0,0,0,0,0,0,1,1,1,1,0,0,1,0,0,1,0,0,1,0,0,0,0,0
0,4494,56050,0,1,0,0,1,0,0,0,0,0,0,0,0,0,0,0,0,0,1,0,0,1,1,0,0,0,0,0,0,1,1,0,0,0,0,0
0,4494,56072,0,0,0,0,1,0,1,0,0,0,0,0,0,0,0,0,0,0,1,1,1,0,1,0,0,0,1,1,0,0,0,0,0,0,0,0
0,4494,56201,0,1,0,0,0,0,1,1,1,1,0,0,0,0,0,0,1,0,1,0,0,1,1,1,0,0,0,1,0,1,1,1,0,0,0,1
0,4494,56307,0,0,1,0,0,0,0,0,0,1,0,0,1,0,0,0,0,0,1,0,1,0,0,0,1,0,0,1,0,0,1,1,0,0,1,0
0,4494,56350,0,0,0,0,1,0,1,1,0,0,0,0,0,0,0,0,0,0,1,1,0,0,0,0,0,0,0,0,0,0,0,0,0,0,0,0
0,4494,56400,0,0,0,0,0,0,0,0,0,1,0,0,0,0,0,0,1,0,0,1,0,0,0,1,0,0,0,0,0,0,0,0,0,0,0,0
0,4494,56423,0,1,0,0,1,1,1,1,0,0,0,0,0,1,0,1,1,0,1,1,1,0,1,1,0,0,0,1,0,0,1,0,0,0,1,0
0,4494,56424,0,0,0,0,0,0,0,0,0,1,0,1,0,0,0,0,1,0,0,0,0,0,0,0,0,0,0,0,0,0,0,0,0,1,0,0
0,4494,56500,0,0,0,0,1,0,0,0,0,0,0,0,0,0,0,0,0,0,0,1,0,0,0,0,0,1,1,1,0,0,0,0,0,0,0,0
0,4494,56563,0,0,1,0,0,0,1,0,0,1,0,0,1,0,0,0,0,0,1,1,1,0,1,1,0,0,0,1,0,0,1,1,0,0,1,0
0,4494,56777,0,1,0,0,0,0,1,0,0,0,0,0,0,0,0,0,0,0,1,1,1,0,0,0,1,0,0,1,0,0,1,1,1,0,0,0
0,4494,56822,0,0,0,0,1,0,1,1,0,0,0,0,0,0,0,0,0,0,1,0,0,1,1,1,0,0,0,0,0,0,0,0,0,0,0,0
0,4494,56838,0,0,0,0,0,1,1,1,0,1,0,0,0,1,0,1,0,0,1,1,1,0,0,1,1,0,0,0,0,0,1,1,0,0,1,1
0,4494,56847,0,0,0,0,0,0,0,0,0,1,0,0,0,0,0,0,0,0,0,0,0,0,0,0,0,0,0,0,0,0,0,0,0,0,0,0
0,4494,56849,0,0,0,0,1,0,1,1,0,1,0,0,0,0,0,0,0,0,0,0,1,0,0,0,0,0,0,0,0,0,0,0,0,0,0,0
0,4494,57127,0,1,0,0,1,0,1,0,0,0,0,0,0,0,0,1,1,0,0,0,0,0,0,0,0,0,0,0,0,0,1,0,0,0,0,0
0,4494,57152,0,0,0,0,1,0,0,1,0,1,0,0,0,0,0,0,0,0,1,0,0,0,0,0,0,0,0,1,0,0,1,0,0,0,1,0
0,4494,57404,0,1,0,0,1,1,1,1,1,1,0,0,0,1,0,1,1,1,1,0,1,1,1,1,0,1,0,1,0,1,1,1,0,0,1,1
0,4494,57459,0,0,0,0,0,0,0,0,0,0,0,0,0,0,0,0,0,0,0,0,0,0,0,0,0,0,0,0,0,0,0,0,0,0,1,0
0,4494,57732,0,0,0,0,1,0,1,1,0,1,0,0,0,1,0,1,0,0,1,1,0,0,0,1,0,0,0,0,0,0,0,1,1,0,0,0
0,4494,57831,0,0,0,0,1,0,0,0,0,0,0,0,0,0,0,0,0,0,0,0,0,0,0,0,0,0,0,0,0,0,0,0,0,0,0,0
0,4494,57898,0,0,0,0,1,1,1,1,0,1,0,0,0,0,0,1,0,0,1,1,1,0,1,1,0,0,0,0,0,0,1,1,0,0,1,0
0,4494,57924,0,1,0,0,1,0,0,1,0,1,0,1,1,1,0,1,0,0,1,1,1,1,1,0,0,1,0,1,0,0,1,1,1,1,0,1
0,4494,58079,0,0,1,0,1,0,1,1,0,0,0,1,1,1,0,1,0,0,1,1,1,1,1,0,1,1,0,1,1,1,1,1,0,1,0,1
0,4494,58092,0,0,0,0,1,0,1,1,0,0,0,0,0,1,0,0,1,0,1,0,0,1,0,0,0,0,0,1,0,0,1,1,0,0,0,1
0,4494,58127,0,0,0,0,1,0,1,1,0,0,0,0,0,0,0,0,0,0,1,1,0,0,1,0,0,0,0,1,0,1,0,1,0,0,1,0
0,4494,58144,0,1,0,0,1,0,1,1,0,1,0,0,0,0,0,0,0,0,1,1,0,0,1,0,0,0,1,1,0,0,1,0,0,0,1,1
0,4494,58222,0,0,0,0,1,0,1,0,0,0,0,0,0,0,0,0,0,0,1,1,0,0,0,0,0,0,0,1,0,0,0,0,0,0,0,0
0,4494,58299,0,1,0,0,0,0,1,1,0,1,0,0,0,0,0,0,1,0,1,1,1,0,1,0,0,0,0,0,0,0,0,0,0,1,0,1
0,4494,58377,0,0,0,0,1,0,1,1,0,0,0,0,0,1,0,1,0,1,1,0,1,0,0,1,0,0,1,1,0,1,1,1,0,0,1,1
0,4494,58426,0,0,1,0,1,0,1,0,1,0,0,0,0,0,0,0,1,0,1,0,1,1,0,0,0,1,0,1,0,0,1,0,0,1,1,1
0,4494,58556,1,0,0,0,0,0,0,1,0,0,0,0,0,0,0,0,0,0,0,0,0,1,0,0,0,0,0,1,0,0,0,0,0,0,0,1
0,4494,58562,0,0,0,0,1,0,1,1,0,1,0,0,0,0,0,0,1,0,0,0,0,1,1,1,0,0,0,1,0,0,1,1,0,1,1,1
0,4494,58585,1,0,1,0,1,0,1,1,1,1,0,0,0,0,0,0,1,0,1,0,0,0,1,1,0,0,0,1,0,1,0,0,0,0,1,1
0,4494,58586,0,0,0,0,1,0,1,0,0,0,0,0,0,0,0,0,0,0,0,0,0,0,1,0,0,0,0,1,0,0,1,0,0,0,1,0
0,4494,58606,0,0,1,0,1,0,1,1,0,1,0,0,0,1,0,0,0,0,0,1,0,0,1,0,0,0,1,1,0,0,0,0,0,0,0,1
0,4494,58745,0,1,0,0,1,0,1,0,0,0,0,0,0,0,0,0,1,0,1,1,0,1,0,0,0,1,0,1,0,0,1,1,0,0,0,0
0,4494,58832,0,0,1,0,1,0,1,1,0,1,0,0,0,0,0,1,0,0,0,0,1,1,0,0,0,0,0,1,0,0,0,1,0,0,0,1
0,4494,58876,1,1,0,0,1,0,1,1,1,1,0,0,0,0,0,0,0,0,0,0,0,1,1,0,0,0,0,1,0,1,1,1,1,1,1,1
0,4494,59010,0,1,0,0,1,0,1,1,1,1,0,0,0,1,0,0,1,0,1,1,1,0,0,0,0,1,1,1,0,1,1,1,0,0,1,1
0,4494,59036,0,0,0,0,1,0,0,0,0,1,0,0,0,0,0,1,1,0,0,0,0,0,0,0,0,0,0,0,0,1,1,0,0,0,0,0
0,4494,59082,0,0,0,0,0,0,1,1,0,1,0,0,0,0,0,1,0,0,0,0,1,1,1,1,0,0,1,1,0,1,1,1,0,0,1,1
0,4494,59338,0,0,0,0,0,0,1,1,0,1,0,0,0,0,0,1,1,0,1,1,0,0,1,1,0,0,0,1,0,1,1,1,0,0,0,0
0,4494,59378,0,0,0,0,1,0,1,0,0,0,0,0,0,0,0,0,0,0,1,0,0,0,1,0,0,0,0,1,0,1,0,0,0,0,0,0
0,4494,59419,0,1,0,0,1,0,1,1,1,1,0,0,1,0,0,0,1,0,1,1,1,0,0,0,0,1,0,1,0,0,1,1,1,1,1,0
0,4494,59420,0,0,0,0,1,0,1,1,0,0,0,0,0,0,0,0,0,0,0,0,1,0,1,0,0,0,0,0,0,0,1,1,0,0,0,0
0,4494,59421,0,0,1,0,0,0,1,1,1,1,0,0,0,0,0,0,0,0,1,0,1,0,0,0,0,0,0,1,0,0,1,0,1,0,0,0
0,4494,59422,0,0,0,0,1,0,1,1,0,1,0,0,0,0,0,0,0,0,1,1,1,0,1,0,0,0,0,1,0,0,0,1,0,0,0,1
0,4494,59433,0,0,0,0,1,0,1,1,0,1,0,0,0,0,0,0,1,0,1,1,0,1,1,1,0,0,1,1,1,1,1,1,0,1,0,1
0,4494,59450,0,0,0,0,1,0,0,1,1,0,0,0,0,0,0,0,1,0,0,1,1,0,0,0,0,0,0,0,1,0,0,0,0,1,0,0
0,4494,59463,0,1,0,0,0,0,1,1,1,1,0,0,0,0,0,1,0,0,0,1,1,0,1,0,1,1,0,1,0,0,1,0,0,1,1,0
0,4494,59467,0,1,0,0,0,0,1,1,0,1,0,0,0,0,0,0,1,0,0,1,0,0,1,1,0,0,0,1,0,0,1,0,0,0,1,1
0,4494,59481,0,0,0,0,1,0,1,0,0,1,0,0,0,0,0,0,1,0,1,1,0,0,0,0,0,0,0,1,0,0,1,1,0,0,1,0
0,4494,59488,0,1,0,0,1,1,1,1,0,1,0,0,0,1,0,0,0,0,1,1,1,1,1,0,0,1,0,1,1,0,1,1,0,0,1,1
0,4494,59497,0,0,0,0,1,0,1,1,1,1,0,0,0,1,0,1,0,0,1,1,1,0,0,1,0,0,0,1,1,0,1,1,1,0,1,1
0,4494,59543,0,0,0,0,0,0,1,0,1,1,0,0,0,0,0,0,0,0,1,0,1,0,0,0,0,0,0,1,0,0,0,0,0,0,0,0
0,4494,59544,0,0,0,0,0,0,0,0,0,1,0,0,0,0,0,0,0,0,0,0,0,0,1,0,0,0,0,0,0,0,0,0,0,0,0,0
0,4494,59585,0,1,1,0,1,1,1,1,1,0,0,0,1,0,0,0,0,1,1,1,1,0,1,1,0,0,0,1,1,0,1,1,0,1,1,1
0,4494,59641,0,1,0,1,1,0,1,1,1,1,0,0,0,1,0,1,1,0,1,1,1,0,1,0,0,1,0,1,0,1,1,1,0,1,1,1
0,4494,59705,1,1,1,0,1,0,1,1,0,1,0,0,0,0,0,0,0,0,1,1,0,0,1,0,0,1,0,1,0,0,0,0,0,0,1,0
0,4494,59724,0,1,1,1,1,0,1,1,0,1,0,0,1,0,0,1,1,0,1,1,0,1,1,0,0,0,0,1,0,0,1,0,1,0,0,1
0,4494,59730,0,0,1,0,1,1,1,1,0,1,0,0,0,1,0,0,0,0,1,1,1,1,1,0,0,0,0,1,0,1,0,0,1,1,0,1
0,4494,59731,0,1,0,0,1,0,1,1,1,1,0,0,0,0,0,1,1,0,0,1,1,0,1,0,1,0,1,0,0,0,0,0,1,1,1,0
0,4494,59743,0,1,0,0,1,0,0,1,0,0,0,0,0,0,0,0,0,0,1,1,0,0,0,0,0,0,0,0,0,0,0,0,0,0,0,1
0,4494,59777,0,0,1,0,1,0,1,1,0,1,0,0,0,1,0,0,0,0,0,0,1,0,1,0,1,0,1,1,0,0,0,0,1,1,1,1
0,4494,59840,0,1,0,0,1,0,1,1,0,1,0,0,0,1,0,1,0,0,0,1,1,0,0,0,1,0,0,0,0,1,0,0,0,0,1,1
0,4494,59848,0,0,0,0,0,0,0,0,0,0,0,0,0,0,0,0,0,0,0,1,0,0,0,0,0,0,0,0,0,0,1,0,0,0,1,1
0,4494,59881,0,1,0,0,1,0,1,0,0,1,0,0,0,0,0,0,0,0,1,1,1,0,0,1,0,0,0,0,0,0,1,0,1,1,0,0
0,4494,59920,0,0,0,0,1,1,1,1,0,1,0,0,0,1,0,0,0,0,1,0,0,1,1,1,0,0,0,1,0,0,1,1,0,0,0,0
0,4494,59985,0,0,0,0,0,0,0,0,1,1,0,0,0,0,0,0,1,0,0,1,0,0,0,0,0,0,0,0,0,0,1,0,0,0,0,0
0,4494,59987,0,0,0,0,0,0,1,0,0,1,0,0,0,0,0,0,0,0,1,1,0,0,1,0,0,0,0,1,0,0,1,0,0,0,1,0
0,4494,60003,0,0,0,0,1,0,0,0,0,0,0,0,0,0,0,0,0,0,1,0,0,0,0,0,0,0,0,0,0,0,0,0,0,0,0,0
0,4494,60007,0,1,0,0,1,0,0,0,0,1,0,0,0,0,0,1,1,0,0,1,1,0,0,0,0,0,0,1,0,0,1,0,0,0,1,1
0,4494,60008,0,1,0,0,1,0,0,1,0,1,0,0,0,0,0,0,0,0,1,0,0,0,1,0,0,0,0,1,0,0,0,0,0,0,0,0
0,4494,60011,0,0,0,0,1,0,1,1,0,0,0,0,0,0,0,1,1,0,0,1,0,0,0,0,1,0,0,0,0,0,0,0,0,0,1,0
0,4494,60012,0,0,0,0,1,0,1,1,1,0,0,0,0,0,0,0,0,0,1,0,0,0,0,0,0,0,0,1,0,0,1,0,0,1,1,0
0,4494,60014,0,0,0,0,0,0,0,1,1,1,0,0,0,0,0,0,0,0,0,0,0,0,1,0,0,0,0,0,0,0,0,0,0,0,1,0
0,4494,60015,0,0,0,0,0,0,1,1,0,1,0,0,0,0,0,0,1,0,1,1,1,1,1,0,0,1,0,0,0,0,1,1,0,0,0,0
0,4494,60021,0,0,0,0,1,0,1,1,0,1,0,0,0,0,0,0,0,0,1,1,0,0,0,0,0,0,0,1,0,0,0,0,0,1,0,0
0,4494,60035,0,0,0,0,1,0,0,0,0,0,0,0,0,0,0,0,1,0,0,1,0,0,0,0,0,0,0,0,0,0,0,0,0,0,0,0
0,4494,60040,0,1,0,0,0,0,1,1,0,1,0,0,0,0,0,1,0,0,1,0,0,1,1,1,0,0,0,1,1,1,1,1,0,0,0,0
0,4494,60045,0,0,0,0,0,0,0,1,0,1,0,0,0,0,0,0,0,0,1,0,0,0,0,0,0,0,0,0,0,0,0,0,0,0,0,0
0,4494,60048,0,0,0,0,1,0,0,0,0,0,0,0,0,1,0,0,1,0,1,1,1,0,0,0,0,0,0,1,0,0,1,1,1,0,0,0
0,4494,60049,0,0,0,0,0,0,1,1,0,0,0,0,0,0,0,0,0,0,1,0,0,0,1,0,0,0,0,1,0,0,0,1,0,0,0,1
0,4494,60050,0,0,0,0,0,0,1,0,0,1,0,0,0,0,0,0,0,0,1,1,0,0,1,0,0,0,0,1,0,0,0,0,0,0,0,0
0,4494,60055,0,1,0,0,1,0,1,0,0,0,0,0,0,0,0,0,0,0,1,1,0,0,0,0,0,0,0,1,0,0,0,0,0,0,0,0
0,4494,60058,0,0,0,0,1,0,0,1,0,0,0,0,0,0,0,0,0,0,1,1,0,0,0,0,0,0,0,0,0,0,1,0,0,0,0,0
0,4494,60059,1,0,0,0,1,0,0,0,0,0,0,0,0,0,0,0,0,0,1,0,0,0,0,0,0,0,0,0,0,0,0,0,0,0,0,0
0,4494,60060,0,0,0,0,1,0,0,1,1,0,0,0,0,0,0,0,0,0,0,1,0,1,0,0,0,0,0,1,0,0,0,0,0,0,0,0
0,4494,60062,0,0,0,0,0,0,0,0,0,0,0,0,0,0,0,0,0,0,0,0,1,0,0,0,0,0,0,1,0,0,0,0,0,0,0,0
0,4494,60064,0,0,0,0,1,0,0,0,0,0,0,0,0,0,0,0,0,0,1,0,0,0,0,0,0,0,0,0,0,0,0,0,0,0,0,0
0,4494,60065,1,0,0,0,1,0,0,0,0,0,0,0,0,0,0,0,0,0,0,0,0,0,0,0,0,0,0,0,0,0,0,0,0,0,0,0
0,4494,60067,0,0,0,0,0,0,0,0,0,0,0,0,0,0,0,0,0,0,0,0,0,0,0,0,0,0,0,0,0,0,0,1,0,0,0,0
0,4494,60068,0,0,0,0,1,0,0,0,0,0,0,0,0,0,0,0,0,0,1,0,0,0,0,0,0,0,0,0,0,0,0,0,0,0,0,0
0,4494,60075,0,0,1,0,0,0,0,1,0,1,0,0,0,0,0,0,0,0,1,1,0,0,1,0,0,0,0,0,0,0,0,0,0,0,0,0
0,4494,60076,0,0,0,0,0,0,0,0,0,1,0,0,0,0,0,0,0,0,0,0,0,0,1,0,0,0,0,1,0,1,1,0,0,0,0,0
0,4494,60107,0,0,0,0,1,1,1,1,1,0,0,0,0,1,0,0,0,0,1,0,0,1,1,0,0,0,1,1,0,0,1,0,1,1,1,1
0,4494,60210,0,0,0,0,0,0,1,0,0,0,0,0,0,1,0,0,0,0,0,1,0,0,0,0,0,0,0,1,0,0,1,0,0,0,0,0
0,4494,60216,0,1,0,0,1,0,1,0,0,0,0,0,0,0,0,0,0,0,0,0,1,0,0,0,0,0,0,1,0,0,0,0,0,1,0,0
0,4494,60218,0,0,0,0,1,0,0,0,0,1,0,0,0,0,0,0,0,0,0,0,0,0,0,0,0,0,0,1,0,0,0,0,0,0,0,0
0,4494,60219,0,0,0,0,0,0,0,0,1,0,0,0,0,0,0,0,0,0,0,1,0,0,1,0,0,0,0,0,0,1,0,0,1,0,0,0
0,4494,60236,0,0,0,0,1,0,0,0,1,1,0,0,0,0,0,0,0,0,1,0,0,0,0,0,0,0,0,0,0,1,0,0,0,0,0,0
0,4494,60283,0,1,0,0,1,0,1,1,0,1,1,0,0,0,0,0,0,0,1,0,1,0,1,0,1,0,0,0,0,0,1,0,0,0,0,1
0,4494,60294,0,0,0,0,1,0,1,0,0,0,0,0,0,0,0,0,0,0,1,1,0,0,0,0,0,0,1,0,0,0,0,0,0,0,0,0
0,4494,60295,0,0,0,0,0,0,0,0,1,1,0,0,0,0,0,0,1,0,1,0,0,0,0,0,0,0,0,1,0,0,1,0,0,0,1,0
0,4494,60296,0,0,0,0,0,0,1,0,0,1,0,0,0,0,0,0,0,0,0,1,0,1,0,1,0,0,0,1,0,0,1,0,0,0,0,0
0,4494,60302,0,0,0,0,0,0,1,0,0,0,0,0,0,0,0,0,1,0,0,0,0,1,0,0,0,0,0,0,0,0,0,0,0,0,0,0
0,4494,60383,0,0,0,0,1,0,1,1,0,1,0,0,0,0,0,0,0,0,0,0,0,0,0,0,0,0,0,1,0,0,0,1,0,0,0,0
0,4494,60419,0,0,0,0,1,0,0,1,0,0,0,0,0,0,0,0,0,0,0,0,1,0,1,0,0,0,0,1,0,0,1,0,1,0,1,0
0,4494,60561,0,0,0,0,1,0,0,0,0,1,0,0,0,0,0,0,0,0,0,1,0,0,0,0,0,1,0,0,0,0,1,0,0,0,0,1
0,4494,60745,0,0,0,0,0,0,1,1,0,1,0,0,0,0,0,0,1,1,0,1,0,0,1,1,0,0,0,0,0,1,1,0,0,0,0,0
0,4494,60912,0,0,0,0,1,0,1,0,0,1,0,0,0,0,0,0,0,0,1,0,1,0,1,0,0,1,0,1,0,0,0,1,0,0,0,0
0,4494,60941,0,0,0,0,1,0,0,1,0,0,0,0,0,1,0,0,0,0,1,0,1,0,1,0,0,0,0,1,0,0,1,0,1,0,1,0
0,4494,60976,0,0,1,0,1,0,1,1,0,1,0,0,0,0,0,0,1,0,1,1,0,0,1,0,0,0,1,1,0,1,1,0,1,0,1,1
0,4494,60999,0,0,0,0,0,0,0,0,0,0,0,0,0,0,0,0,1,0,0,1,0,0,0,0,0,0,0,0,0,0,0,0,0,0,0,0
0,4494,61000,0,0,0,0,0,0,1,1,0,0,0,0,0,0,0,0,0,0,1,1,1,0,0,0,0,0,0,1,0,0,1,0,0,0,0,0
0,4494,61001,0,0,0,0,0,0,0,0,0,0,0,0,0,0,0,0,0,0,0,0,0,0,0,0,0,0,0,0,0,0,1,0,0,0,0,0
0,4494,61002,0,0,0,0,0,0,0,0,1,0,0,0,0,0,0,0,0,0,0,0,0,0,0,0,0,0,0,0,0,0,0,0,0,0,0,0
0,4494,61098,0,0,0,0,0,0,0,1,0,1,0,0,0,0,0,1,0,0,1,1,0,0,1,0,0,0,0,0,0,0,1,0,0,0,1,0
0,4494,61183,0,1,0,0,0,0,1,0,0,1,0,0,0,0,0,0,0,0,1,0,1,1,1,0,0,0,1,1,0,0,0,1,1,0,1,1
0,4494,61396,0,0,0,0,1,0,1,1,0,1,0,0,0,0,0,0,0,0,0,1,1,1,1,0,0,0,0,0,0,1,0,0,0,1,1,0
0,4494,61408,0,1,0,0,1,0,1,1,0,1,0,0,0,0,0,0,1,0,1,1,1,1,1,0,0,0,0,1,0,0,1,1,1,0,1,1
0,4494,61447,0,1,0,0,1,0,1,1,0,0,0,0,0,1,0,1,0,0,1,1,1,0,0,0,0,0,0,0,0,0,1,1,0,0,0,1
0,4494,61458,0,0,0,0,1,0,1,1,1,1,0,0,0,0,0,0,1,0,1,0,0,0,0,0,1,1,0,0,0,0,1,0,0,0,1,0
0,4494,61501,0,0,0,0,1,0,1,0,0,1,0,0,0,0,0,0,0,0,0,0,0,0,0,0,0,0,0,1,0,0,0,0,0,0,0,0
0,4494,61502,0,1,1,0,1,1,1,1,1,1,0,0,0,0,0,0,0,0,1,1,0,0,1,0,0,1,0,1,0,1,1,1,1,0,0,1
0,4494,61504,0,1,0,1,1,1,1,1,1,1,0,1,0,1,0,0,0,0,1,1,1,1,1,0,0,0,0,1,0,0,1,1,1,1,1,1
0,4494,61506,0,1,1,0,1,0,1,1,0,1,0,0,0,1,0,1,1,0,1,0,1,1,1,0,0,0,0,1,0,1,0,1,0,1,1,1
0,4494,61511,0,1,0,0,1,0,1,1,0,0,0,0,0,0,0,0,0,0,0,0,0,0,1,0,0,0,0,1,0,0,1,1,0,0,0,0
0,4494,61512,0,1,0,0,1,0,1,1,1,0,0,0,1,1,0,0,0,0,1,1,1,0,1,0,0,0,0,1,0,0,1,1,1,0,0,1
0,4494,61622,0,1,0,0,0,0,0,1,0,1,0,0,0,1,0,0,0,0,1,1,0,0,0,0,0,0,1,1,0,0,1,0,0,0,0,0
0,4494,61629,0,0,0,0,1,0,0,1,1,0,0,0,0,0,0,0,0,0,1,0,1,0,0,0,0,0,0,1,0,1,0,1,0,0,0,0
0,4494,61639,0,0,0,0,1,0,0,0,0,0,0,0,0,0,0,0,0,0,0,0,0,0,0,1,0,0,0,0,0,0,0,0,0,0,0,0
0,4494,61640,0,1,1,0,1,0,1,1,0,1,0,0,0,0,0,0,0,0,1,0,0,0,1,0,0,0,0,1,0,0,1,0,0,0,1,0
0,4494,61641,0,0,0,0,1,0,0,0,0,1,0,0,0,1,0,0,0,0,0,0,0,1,0,0,0,0,0,1,0,0,1,0,0,0,0,0
0,4494,61642,0,0,0,0,0,0,0,0,0,1,0,0,0,0,0,0,0,0,0,1,1,0,1,0,0,0,0,1,0,0,1,0,0,0,1,0
0,4494,61643,0,1,0,0,1,0,1,1,0,1,0,0,1,1,0,0,0,0,1,1,0,0,1,0,0,0,0,1,0,0,0,1,0,0,1,0
0,4494,61644,0,1,1,0,1,0,1,1,1,1,0,0,1,1,0,1,1,0,1,0,1,1,1,1,1,1,0,1,0,1,1,0,0,0,1,1
0,4494,61677,0,0,0,0,1,0,1,0,0,0,0,0,0,0,0,0,1,0,1,0,0,0,1,1,0,0,0,1,0,0,1,0,0,0,0,0
